0 oost4asio6detail12service_baseINS0_23socket_acceptor_serviceINS0_2ip3tcpEEEEE
0 oost4asio6detail12service_baseINS0_23socket_acceptor_serviceINS0_2ip3tcpEEEEE
1 1 0 500 42
1 1 0 500 42
0 
1818325792 1663071349 1767993455 110 0
1818325792 1663071349 1767993455 110 0
1818325792 1663071349 1767993455 110 0
1634934832 544503148 1634758499 28265 0
1634934832 544503148 1634758499 28265 0
1634934832 544503148 1634758499 28265 0
1634934832 544503148 1634758499 28265 0
1634934832 544503148 1634758499 28265 0
